27.672
27.621239
27.624012356845
27.68
27.618239
27.61887111284
27.689
27.624147356845
27.620382603355
27.621941603161
27.621739
27.675
27.69
27.620439
27.619139
27.684
27.621939
27.683
27.622239
27.623897356845
27.679
27.619339
27.619992849936
27.677
27.623039
27.618939
27.623697356845
27.685
27.618739
27.674
27.691
27.619839
27.676
27.623847356845
27.620138467599
27.620239
27.687
27.620039
27.621439
27.673
27.681
27.620639
27.623747356845
27.686
27.624147356845
27.623947356845
27.688
27.6712
27.620839
27.678
27.622539
27.682
27.622039
27.619639
27.624047356845
27.62127617913
27.619964331338
27.620586985692
