85.536466240883
85.53878903389
85.537560582161
85.538297653198
85.324788546216
85.372323153775
85.351831131389
85.377217387054
85.691501800334
85.697279438818
85.72547782348
85.718207437484
85.509811021032
85.52708551147
85.50261268242
85.327362861507
85.52490731872
85.619659740464
85.348341468032
85.562933251575
85.734283654337
85.578317767478
85.537425891138
85.611664799853
85.695858524966
85.542874748972
85.313927084299
85.596308195601
85.455231470966
85.741270693847
85.483395506645
85.734363471827
85.544437920622
85.424465499926
85.593790766554
85.727458594218
85.748629242133
85.321177052415
85.646289045932
85.596421393501
85.61792970023
85.695912720628
85.475567403245
85.389485108088
85.537242381186
85.328842078771
85.607673243491
85.572257736315
85.645473799107
85.419409973197
85.657591387345
85.676411312138
85.663242753689
85.371533054426
